POI1: 0.008092660380483107
POI3: 0.01893499289280649
POI4: 1.1171812407637572e-07
