POI1: 617.6187840785853
POI3: 406.23925392177733
POI4: 37135.21367479504
